12.5664
12.5664
16.3288
12.5664
12.5664
16.5256
12.5664
12.5664
12.5664
12.5664
12.5664
31.6463
16.5874
78.5398
78.5398
12.5664
12.5664
12.5664
12.5664
47.3031
41.855
12.5664
12.5664
14.9298
62.5173
38.3758
44.5192
23.0566
78.4935
12.5664
52.9677
78.5398
78.5398
12.5664
37.1198
76.1641
12.5664
12.5664
78.5398
78.5398
26.7654
78.2014
16.9539
27.0333
12.5664
67.8773
16.0295
24.83
12.5664
17.9423
32.8535
15.7826
12.5664
12.5664
12.5664
12.5664
12.5664
12.5664
12.5664
32.7423
49.7622
16.5221
12.5664
14.8954
78.5398
78.5398
50.0531
12.5664
12.5664
12.5664
24.7283
15.8414
20.4628
12.5664
12.5664
12.7156
78.3786
12.5664
78.5398
12.5664
12.5664
43.5551
78.5398
54.4203
23.0416
12.612
16.5342
78.5398
12.5664
12.5664
43.1399
12.5664
78.5398
20.6833
78.5398
78.5398
15.8903
15.1563
14.8761
30.7168
12.5664
78.5398
18.4778
19.5715
12.5664
12.5664
40.1721
48.4973
12.5664
12.5664
12.5664
12.5664
12.5664
12.5664
12.5664
12.5664
12.5664
12.5664
12.5664
