12.5664
12.5664
16.8819
12.5664
24.9856
22.6649
12.5664
12.5664
12.5664
34.5771
407.823
380.082
12.5664
12.5664
12.5664
12.5664
324.584
42.6241
265.918
12.5664
12.5664
12.5664
12.5664
12.5664
12.5664
12.5664
12.5664
12.5664
12.5664
1720.79
1498.12
458.689
12.5664
12.5664
1241.83
12.5664
819.291
456.354
12.5664
12.5664
12.5664
12.5664
394.721
12.5664
12.5664
12.5664
26.8109
12.5664
12.5664
12.5664
12.5664
12.5664
12.5664
12.5664
12.5664
12.5664
12.5664
12.5664
428.936
12.5664
75.0361
50.6542
12.5664
51.0061
61.4517
36.2937
12.5664
12.5664
16.7015
68.5796
26.5678
12.5664
24.8919
67.9797
12.5664
89.9914
12.5664
25.9181
209.302
41.8546
12.5664
14.2641
50.0823
46.2891
12.5664
12.5664
311.019
103.462
20.5319
329.327
12.5664
37.9252
12.5664
366.555
325.79
375.189
350.142
366.945
503.768
447.603
12.5664
12.5664
12.5664
12.5664
12.5664
12.5664
340.117
12.5664
12.5664
12.5664
12.5664
12.5664
17.1915
12.5664
259.369
213.607
149.862
62.6176
12.5664
132.061
182.227
220.187
213.935
116.493
12.5664
12.5664
12.5664
12.5664
12.5664
12.5664
12.6378
105.14
12.5664
12.5664
12.5664
122.434
12.5664
12.5664
12.5664
12.5664
12.5664
12.8206
12.5664
42.333
14.2354
12.5664
